{
    "camera": "Integrated Camera (04f2:b756)",
    "platform": "Windows NT 10.0; Win64; x64",
    "avg_reprojection_error": 0.3615085542827919,
    "camera_matrix": {
        "type_id": "opencv-matrix",
        "rows": 3,
        "cols": 3,
        "dt": "d",
        "data": [
            774.9392152415969,
            0,
            643.0307927258535,
            0,
            773.6718975958094,
            352.51593212302777,
            0,
            0,
            1
        ]
    },
    "distortion_coefficients": {
        "type_id": "opencv-matrix",
        "rows": 5,
        "cols": 1,
        "dt": "d",
        "data": [
            0.12481468408677297,
            -0.23165962190353037,
            0.00021030890147502866,
            -0.001475363245282226,
            0.09390448228860798
        ]
    },
    "distortion_model": "rectilinear",
    "img_size": {
        "type_id": "opencv-matrix",
        "rows": 2,
        "cols": 1,
        "dt": "d",
        "data": [
            1280,
            720
        ]
    },
    "calibration_time": "Sun, 21 Jul 2024 22:39:59 GMT"
}